Date,Open,High,Low,Close,Adj Close,Volume
2020-12-11,1.214344,1.216397,1.210786,1.214429,1.214429,0
2020-12-14,1.213357,1.217404,1.211754,1.213340,1.213340,0
2020-12-15,1.214875,1.216649,1.212695,1.214890,1.214890,0
2020-12-16,1.215377,1.221300,1.214698,1.215430,1.215430,0
2020-12-17,1.219706,1.226300,1.219245,1.219959,1.219959,0
2020-12-18,1.226196,1.226843,1.222718,1.226272,1.226272,0
2020-12-21,1.221061,1.223466,1.213077,1.221613,1.221613,0
2020-12-22,1.223840,1.225900,1.216604,1.223691,1.223691,0
2020-12-23,1.218591,1.221941,1.215776,1.218665,1.218665,0
2020-12-24,1.219393,1.221747,1.217938,1.219141,1.219141,0
2020-12-25,1.218472,1.221300,1.216700,1.218472,1.218472,0
2020-12-28,1.220703,1.225200,1.218353,1.220510,1.220510,0
2020-12-29,1.222001,1.227599,1.222001,1.222345,1.222345,0
2020-12-30,1.225325,1.230875,1.225205,1.225295,1.225295,0
2020-12-31,1.229906,1.230951,1.222300,1.229990,1.229990,0
2021-01-01,1.217285,1.221699,1.213499,1.218027,1.218027,0
2021-01-04,1.224905,1.230999,1.217137,1.225070,1.225070,0
2021-01-05,1.225295,1.229483,1.224995,1.225160,1.225160,0
2021-01-06,1.229861,1.235025,1.226693,1.230027,1.230027,0
2021-01-07,1.233776,1.234568,1.224665,1.234111,1.234111,0
2021-01-08,1.226873,1.228215,1.221493,1.227144,1.227144,0
2021-01-11,1.218784,1.219959,1.213474,1.218621,1.218621,0
2021-01-12,1.216160,1.217849,1.213887,1.216070,1.216070,0
2021-01-13,1.220927,1.222494,1.215539,1.220889,1.220889,0
2021-01-14,1.216175,1.217285,1.211314,1.216249,1.216249,0
2021-01-15,1.215300,1.216249,1.208474,1.215126,1.215126,0
2021-01-18,1.206724,1.208620,1.205545,1.206811,1.206811,0
2021-01-19,1.207846,1.214491,1.207846,1.207729,1.207729,0
2021-01-20,1.213946,1.216001,1.207773,1.213887,1.213887,0
2021-01-21,1.211534,1.217196,1.210991,1.211563,1.211563,0
2021-01-22,1.216619,1.218800,1.215200,1.216629,1.216629,0
2021-01-25,1.216856,1.218600,1.211725,1.216945,1.216945,0
2021-01-26,1.214329,1.217500,1.210844,1.214624,1.214624,0
2021-01-27,1.216323,1.217137,1.206200,1.216299,1.216299,0
2021-01-28,1.210478,1.214400,1.208240,1.210507,1.210507,0
2021-01-29,1.212136,1.215701,1.209599,1.212004,1.212004,0
2021-02-01,1.212283,1.213607,1.206913,1.212386,1.212386,0
2021-02-02,1.206768,1.208795,1.201836,1.206869,1.206869,0
2021-02-03,1.203905,1.204999,1.200495,1.203905,1.203905,0
2021-02-04,1.204181,1.204384,1.196716,1.204239,1.204239,0
2021-02-05,1.196745,1.203978,1.195357,1.196673,1.196673,0
2021-02-08,1.204935,1.206855,1.202140,1.204877,1.204877,0
2021-02-09,1.205255,1.211475,1.205020,1.205360,1.205360,0
2021-02-10,1.211695,1.214373,1.211020,1.211999,1.211999,0
2021-02-11,1.211945,1.215099,1.211431,1.212121,1.212121,0
2021-02-12,1.213003,1.213592,1.208399,1.213151,1.213151,0
2021-02-15,1.212106,1.214699,1.211739,1.212209,1.212209,0
2021-02-16,1.213239,1.217100,1.209585,1.213220,1.213220,0
2021-02-17,1.208854,1.209834,1.202559,1.209248,1.209248,0
2021-02-18,1.204587,1.208900,1.203630,1.204800,1.204800,0
2021-02-19,1.209175,1.214772,1.208300,1.209190,1.209190,0
2021-02-22,1.212445,1.215510,1.209219,1.212636,1.212636,0
2021-02-23,1.216693,1.217878,1.213681,1.216680,1.216680,0
2021-02-24,1.215200,1.217404,1.211130,1.215214,1.215214,0
2021-02-25,1.216951,1.224155,1.215658,1.217137,1.217137,0
2021-02-26,1.216012,1.218249,1.209175,1.216042,1.216042,0
2021-03-01,1.209090,1.210156,1.202993,1.208956,1.208956,0
2021-03-02,1.204906,1.208036,1.199400,1.205110,1.205110,0
2021-03-03,1.208503,1.211050,1.204471,1.208547,1.208547,0
2021-03-04,1.204834,1.206401,1.202501,1.205066,1.205066,0
2021-03-05,1.196859,1.196859,1.189796,1.196774,1.196774,0
2021-03-08,1.192464,1.193218,1.184834,1.192563,1.192563,0
2021-03-09,1.185199,1.191600,1.183614,1.185171,1.185171,0
2021-03-10,1.189669,1.192506,1.187000,1.189791,1.189791,0
2021-03-11,1.192748,1.197777,1.191710,1.192606,1.192606,0
2021-03-12,1.198164,1.199041,1.191058,1.198610,1.198610,0
2021-03-15,1.195114,1.196544,1.191185,1.195000,1.195000,0
2021-03-16,1.192734,1.195300,1.188439,1.192577,1.192577,0
2021-03-17,1.190210,1.191800,1.188764,1.190165,1.190165,0
2021-03-18,1.198064,1.199100,1.191015,1.198279,1.198279,0
2021-03-19,1.191767,1.193745,1.187493,1.191824,1.191824,0
2021-03-22,1.188453,1.193745,1.187606,1.188312,1.188312,0
2021-03-23,1.193332,1.194315,1.186437,1.193303,1.193303,0
2021-03-24,1.184119,1.185115,1.181335,1.184021,1.184021,0
2021-03-25,1.181377,1.183012,1.177523,1.181307,1.181307,0
2021-03-26,1.177607,1.180401,1.177260,1.177662,1.177662,0
2021-03-29,1.178760,1.179357,1.176180,1.178800,1.178800,0
2021-03-30,1.176914,1.177579,1.171317,1.177101,1.177101,0
2021-03-31,1.172333,1.175862,1.170453,1.172360,1.172360,0
2021-04-01,1.172897,1.177579,1.171481,1.172883,1.172883,0
2021-04-02,1.177773,1.178700,1.175143,1.177995,1.177995,0
2021-04-05,1.176637,1.181614,1.173943,1.176817,1.176817,0
2021-04-06,1.181907,1.185536,1.179649,1.181893,1.181893,0
2021-04-07,1.187550,1.191469,1.186535,1.187423,1.187423,0
2021-04-08,1.187197,1.191483,1.186183,1.187366,1.187366,0
2021-04-09,1.191568,1.192321,1.186859,1.191568,1.191568,0
2021-04-12,1.189641,1.192037,1.187338,1.190051,1.190051,0
2021-04-13,1.191214,1.195314,1.188430,1.191469,1.191469,0
2021-04-14,1.195743,1.198193,1.195186,1.195414,1.195414,0
2021-04-15,1.198236,1.199314,1.195786,1.198610,1.198610,0
2021-04-16,1.197074,1.199472,1.195090,1.197175,1.197175,0
2021-04-19,1.196831,1.204819,1.194344,1.196945,1.196945,0
2021-04-20,1.204384,1.208167,1.202877,1.204529,1.204529,0
2021-04-21,1.203254,1.204529,1.200000,1.203239,1.203239,0
2021-04-22,1.203818,1.207001,1.200394,1.203775,1.203775,0
2021-04-23,1.201793,1.207799,1.201389,1.201475,1.201475,0
2021-04-26,1.208956,1.211827,1.206374,1.208985,1.208985,0
2021-04-27,1.207921,1.209190,1.205793,1.208167,1.208167,0
2021-04-28,1.208854,1.210214,1.205764,1.209031,1.209031,0
2021-04-29,1.213578,1.215214,1.210419,1.213592,1.213592,0
2021-04-30,1.212489,1.212856,1.202472,1.212709,1.212709,0
2021-05-03,1.202646,1.207799,1.201490,1.202776,1.202776,0
2021-05-04,1.205982,1.206300,1.200005,1.206127,1.206127,0
2021-05-05,1.201634,1.202935,1.198725,1.201504,1.201504,0
2021-05-06,1.200913,1.207001,1.199400,1.200797,1.200797,0
2021-05-07,1.206593,1.216545,1.205342,1.206855,1.206855,0
2021-05-10,1.216752,1.217730,1.213740,1.217108,1.217108,0
2021-05-11,1.214211,1.217968,1.212547,1.214093,1.214093,0
2021-05-12,1.214550,1.215067,1.206811,1.214450,1.214450,0
2021-05-13,1.207686,1.210654,1.205313,1.207851,1.207851,0
2021-05-14,1.208021,1.214772,1.207146,1.207729,1.207729,0
2021-05-17,1.214757,1.217000,1.212753,1.215037,1.215037,0
2021-05-18,1.215525,1.223242,1.215407,1.215687,1.215687,0
2021-05-19,1.222643,1.224800,1.219185,1.222400,1.222400,0
2021-05-20,1.217285,1.222901,1.217093,1.217285,1.217285,0
2021-05-21,1.222793,1.224200,1.217374,1.222539,1.222539,0
2021-05-24,1.218116,1.222942,1.217582,1.218324,1.218324,0
2021-05-25,1.221449,1.226700,1.221240,1.221464,1.221464,0
2021-05-26,1.224890,1.226500,1.220003,1.224909,1.224909,0
2021-05-27,1.219036,1.221699,1.217567,1.219260,1.219260,0
2021-05-28,1.219274,1.220107,1.213342,1.219319,1.219319,0
2021-05-31,1.219007,1.223391,1.218413,1.219007,1.219007,0
2021-06-01,1.223092,1.225791,1.221747,1.225340,1.225340,0